1.7200580835342407
0.3834100663661957
0.2050824910402298
0.10735085606575012
0.10621614754199982
0.06871883571147919
0.06953644752502441
0.06220192834734917
0.034664738923311234
0.014480166137218475
0.00967138260602951
0.036933619529008865
0.009423389099538326
0.01260366104543209
0.02798047848045826
0.0042002382688224316
0.009892940521240234
0.011549226939678192
0.005850933492183685
0.0071636768989264965
0.040782079100608826
0.02309550531208515
0.0024090332444757223
0.00947546772658825
0.007375909481197596
0.003107744734734297
0.008728858083486557
0.007971402257680893
0.006043354514986277
0.0045170714147388935
0.003330626292154193
0.0036709492560476065
0.00837021041661501
0.005510307382792234
0.006351069547235966
0.0046778186224401
0.0019192234613001347
0.002062801970168948
0.003178565762937069
0.0045470562763512135
0.0010259223636239767
0.00631461339071393
0.0020463308319449425
0.0017085521249100566
0.006382103078067303
0.001764624728821218
0.002420640317723155
0.004772387910634279
0.003577610244974494
0.0014449974987655878
